(* 
  Renormalization constant for Top Yukawa *squared* : at = Yt^2/(16 Pi^2) 
 *)

Zat = 1 + ((-17*a1 - 45*a2 + 30*ab - 160*as + 90*at + 20*atau)*h^2)/(20*ep) + 
 h^4*(((51*a1^2)/160 + (153*a1*a2)/80 + (339*a2^2)/32 - (117*a1*ab)/80 - 
     (81*a2*ab)/16 + (9*ab^2)/2 + (34*a1*as)/5 + 18*a2*as - 18*ab*as + 
     76*as^2 - (459*a1*at)/80 - (243*a2*at)/16 + (45*ab*at)/4 - 54*as*at + 
     (81*at^2)/4 - (79*a1*atau)/40 - (27*a2*atau)/8 + (15*ab*atau)/4 - 
     8*as*atau + (33*at*atau)/4 + (7*atau^2)/4 - (17*a1^2*NG)/30 - 
     (3*a2^2*NG)/2 - (16*as^2*NG)/3)/ep^2 + 
   ((9*a1^2)/400 - (9*a1*a2)/40 - (35*a2^2)/8 + (7*a1*ab)/160 + 
     (99*a2*ab)/32 - ab^2/8 + (19*a1*as)/30 + (9*a2*as)/2 + 2*ab*as - 
     (202*as^2)/3 + (393*a1*at)/160 + (225*a2*at)/32 - (11*ab*at)/8 + 
     18*as*at - 6*at^2 + (15*a1*atau)/16 + (15*a2*atau)/16 + (5*ab*atau)/8 - 
     (9*at*atau)/8 - (9*atau^2)/8 - 6*at*lam + 3*lam^2 + (29*a1^2*NG)/90 + 
     (a2^2*NG)/2 + (40*as^2*NG)/9)/ep) + 
 h^6*(((-663*a1^3)/64000 - (1989*a1^2*a2)/12800 - (10149*a1*a2^2)/2560 - 
     (73829*a2^3)/1536 + (1233*a1^2*ab)/6400 + (1233*a1*a2*ab)/640 + 
     (3633*a2^2*ab)/256 - (1701*a1*ab^2)/640 - (1701*a2*ab^2)/128 + 
     (819*ab^3)/64 - (221*a1^2*as)/400 - (153*a1*a2*as)/40 - 
     (597*a2^2*as)/16 + (137*a1*ab*as)/20 + (117*a2*ab*as)/4 - 
     (189*ab^2*as)/4 - (51*a1*as^2)/2 - (135*a2*as^2)/2 + 107*ab*as^2 - 
     520*as^3 + (10251*a1^2*at)/6400 + (5967*a1*a2*at)/640 + 
     (10899*a2^2*at)/256 - (2529*a1*ab*at)/320 - (1701*a2*ab*at)/64 + 
     (1575*ab^2*at)/64 + (663*a1*as*at)/20 + (351*a2*as*at)/4 - 
     (189*ab*as*at)/2 + 321*as^2*at - (12393*a1*at^2)/640 - 
     (6561*a2*at^2)/128 + (2601*ab*at^2)/64 - (729*as*at^2)/4 + 
     (3645*at^3)/64 + (4331*a1^2*atau)/3200 + (1251*a1*a2*atau)/320 + 
     (1211*a2^2*atau)/128 - (211*a1*ab*atau)/40 - (81*a2*ab*atau)/8 + 
     (369*ab^2*atau)/32 + (31*a1*as*atau)/5 + 9*a2*as*atau - 23*ab*as*atau + 
     30*as^2*atau - (467*a1*at*atau)/40 - (81*a2*at*atau)/4 + 
     (381*ab*at*atau)/16 - 49*as*at*atau + (1029*at^2*atau)/32 - 
     (321*a1*atau^2)/80 - (81*a2*atau^2)/16 + (59*ab*atau^2)/8 - 
     6*as*atau^2 + (97*at*atau^2)/8 + (11*atau^3)/4 + 
     (221*a1^2*(-17*a1 - 45*a2 + 30*ab - 160*as + 90*at + 20*atau))/64000 + 
     (153*a1*a2*(-17*a1 - 45*a2 + 30*ab - 160*as + 90*at + 20*atau))/6400 + 
     (597*a2^2*(-17*a1 - 45*a2 + 30*ab - 160*as + 90*at + 20*atau))/2560 - 
     (33*a1*ab*(-17*a1 - 45*a2 + 30*ab - 160*as + 90*at + 20*atau))/1600 - 
     (27*a2*ab*(-17*a1 - 45*a2 + 30*ab - 160*as + 90*at + 20*atau))/320 + 
     (63*ab^2*(-17*a1 - 45*a2 + 30*ab - 160*as + 90*at + 20*atau))/640 + 
     (17*a1*as*(-17*a1 - 45*a2 + 30*ab - 160*as + 90*at + 20*atau))/200 + 
     (9*a2*as*(-17*a1 - 45*a2 + 30*ab - 160*as + 90*at + 20*atau))/40 - 
     (3*ab*as*(-17*a1 - 45*a2 + 30*ab - 160*as + 90*at + 20*atau))/10 + 
     (3*as^2*(-17*a1 - 45*a2 + 30*ab - 160*as + 90*at + 20*atau))/2 - 
     (153*a1*at*(-17*a1 - 45*a2 + 30*ab - 160*as + 90*at + 20*atau))/1600 - 
     (81*a2*at*(-17*a1 - 45*a2 + 30*ab - 160*as + 90*at + 20*atau))/320 + 
     (63*ab*at*(-17*a1 - 45*a2 + 30*ab - 160*as + 90*at + 20*atau))/320 - 
     (9*as*at*(-17*a1 - 45*a2 + 30*ab - 160*as + 90*at + 20*atau))/10 + 
     (243*at^2*(-17*a1 - 45*a2 + 30*ab - 160*as + 90*at + 20*atau))/640 - 
     (31*a1*atau*(-17*a1 - 45*a2 + 30*ab - 160*as + 90*at + 20*atau))/800 - 
     (9*a2*atau*(-17*a1 - 45*a2 + 30*ab - 160*as + 90*at + 20*atau))/160 + 
     (3*ab*atau*(-17*a1 - 45*a2 + 30*ab - 160*as + 90*at + 20*atau))/40 - 
     (as*atau*(-17*a1 - 45*a2 + 30*ab - 160*as + 90*at + 20*atau))/10 + 
     (3*at*atau*(-17*a1 - 45*a2 + 30*ab - 160*as + 90*at + 20*atau))/20 + 
     (3*atau^2*(-17*a1 - 45*a2 + 30*ab - 160*as + 90*at + 20*atau))/80 + 
     (119*a1^3*NG)/720 + (51*a1^2*a2*NG)/80 + (51*a1*a2^2*NG)/80 + 
     (769*a2^3*NG)/48 - (61*a1^2*ab*NG)/120 - (15*a2^2*ab*NG)/8 + 
     (34*a1^2*as*NG)/15 + 6*a2^2*as*NG + (34*a1*as^2*NG)/15 + 6*a2*as^2*NG - 
     (20*ab*as^2*NG)/3 + (896*as^3*NG)/9 - (17*a1^2*at*NG)/8 - 
     (45*a2^2*at*NG)/8 - 20*as^2*at*NG - (47*a1^2*atau*NG)/60 - 
     (5*a2^2*atau*NG)/4 - (8*as^2*atau*NG)/3 - 
     (17*a1^2*(-17*a1 - 45*a2 + 30*ab - 160*as + 90*at + 20*atau)*NG)/1200 - 
     (3*a2^2*(-17*a1 - 45*a2 + 30*ab - 160*as + 90*at + 20*atau)*NG)/80 - 
     (2*as^2*(-17*a1 - 45*a2 + 30*ab - 160*as + 90*at + 20*atau)*NG)/15 - 
     (68*a1^3*NG^2)/135 - (4*a2^3*NG^2)/3 - (128*as^3*NG^2)/27)/ep^3 + 
   ((-189*a1^3)/3200 - (123*a1^2*a2)/640 + (97*a1*a2^2)/40 + 
     (33523*a2^3)/576 + (1253*a1^2*ab)/19200 - (1599*a1*a2*ab)/640 - 
     (5049*a2^2*ab)/256 + (635*a1*ab^2)/384 + (1833*a2*ab^2)/128 - 
     (207*ab^3)/32 - (1217*a1^2*as)/3600 - (69*a1*a2*as)/40 + 
     (27*a2^2*as)/16 + (a1*ab*as)/5 - (33*a2*ab*as)/2 + (71*ab^2*as)/3 + 
     (4277*a1*as^2)/180 + (165*a2*as^2)/4 - (799*ab*as^2)/6 + (9316*as^3)/9 - 
     (22909*a1^2*at)/19200 - (7179*a1*a2*at)/640 - (13555*a2^2*at)/256 + 
     (239*a1*ab*at)/48 + (1065*a2*ab*at)/32 + (ab^2*at)/16 - 
     (129*a1*as*at)/5 - 57*a2*as*at + (293*ab*as*at)/6 - (3205*as^2*at)/6 + 
     (14419*a1*at^2)/640 + (8091*a2*at^2)/128 - (659*ab*at^2)/32 + 
     (355*as*at^2)/2 - (87*at^3)/2 - (1757*a1^2*atau)/3200 - 
     (807*a1*a2*atau)/320 - (1117*a2^2*atau)/128 + (391*a1*ab*atau)/192 + 
     (345*a2*ab*atau)/64 - (143*ab^2*atau)/96 - (103*a1*as*atau)/30 - 
     (3*a2*as*atau)/2 + (25*ab*as*atau)/6 - (101*as^2*atau)/3 + 
     (1969*a1*at*atau)/192 + (1059*a2*at*atau)/64 + (29*ab*at*atau)/24 + 
     (175*as*at*atau)/6 - (575*at^2*atau)/32 + (1809*a1*atau^2)/320 + 
     (489*a2*atau^2)/64 - (521*ab*atau^2)/96 + (9*as*atau^2)/2 - 
     (329*at*atau^2)/32 - (55*atau^3)/16 + 
     (9*a1^2*(-17*a1 - 45*a2 + 30*ab - 160*as + 90*at + 20*atau))/16000 - 
     (9*a1*a2*(-17*a1 - 45*a2 + 30*ab - 160*as + 90*at + 20*atau))/1600 - 
     (7*a2^2*(-17*a1 - 45*a2 + 30*ab - 160*as + 90*at + 20*atau))/64 + 
     (7*a1*ab*(-17*a1 - 45*a2 + 30*ab - 160*as + 90*at + 20*atau))/6400 + 
     (99*a2*ab*(-17*a1 - 45*a2 + 30*ab - 160*as + 90*at + 20*atau))/1280 - 
     (ab^2*(-17*a1 - 45*a2 + 30*ab - 160*as + 90*at + 20*atau))/320 + 
     (19*a1*as*(-17*a1 - 45*a2 + 30*ab - 160*as + 90*at + 20*atau))/1200 + 
     (9*a2*as*(-17*a1 - 45*a2 + 30*ab - 160*as + 90*at + 20*atau))/80 + 
     (ab*as*(-17*a1 - 45*a2 + 30*ab - 160*as + 90*at + 20*atau))/20 - 
     (101*as^2*(-17*a1 - 45*a2 + 30*ab - 160*as + 90*at + 20*atau))/60 + 
     (393*a1*at*(-17*a1 - 45*a2 + 30*ab - 160*as + 90*at + 20*atau))/6400 + 
     (45*a2*at*(-17*a1 - 45*a2 + 30*ab - 160*as + 90*at + 20*atau))/256 - 
     (11*ab*at*(-17*a1 - 45*a2 + 30*ab - 160*as + 90*at + 20*atau))/320 + 
     (9*as*at*(-17*a1 - 45*a2 + 30*ab - 160*as + 90*at + 20*atau))/20 - 
     (3*at^2*(-17*a1 - 45*a2 + 30*ab - 160*as + 90*at + 20*atau))/20 + 
     (3*a1*atau*(-17*a1 - 45*a2 + 30*ab - 160*as + 90*at + 20*atau))/128 + 
     (3*a2*atau*(-17*a1 - 45*a2 + 30*ab - 160*as + 90*at + 20*atau))/128 + 
     (ab*atau*(-17*a1 - 45*a2 + 30*ab - 160*as + 90*at + 20*atau))/64 - 
     (9*at*atau*(-17*a1 - 45*a2 + 30*ab - 160*as + 90*at + 20*atau))/320 - 
     (9*atau^2*(-17*a1 - 45*a2 + 30*ab - 160*as + 90*at + 20*atau))/320 + 
     (27*a1^2*lam)/200 + (9*a1*a2*lam)/20 + (9*a2^2*lam)/8 - 12*ab^2*lam + 
     (121*a1*at*lam)/20 + (81*a2*at*lam)/4 - (39*ab*at*lam)/2 + 
     40*as*at*lam - (117*at^2*lam)/2 - 9*at*atau*lam - 6*atau^2*lam - 
     (3*at*(-17*a1 - 45*a2 + 30*ab - 160*as + 90*at + 20*atau)*lam)/20 - 
     (123*a1*lam^2)/40 - (99*a2*lam^2)/8 + (69*ab*lam^2)/4 - 12*as*lam^2 + 
     (15*at*lam^2)/4 + (15*atau*lam^2)/2 + 
     (3*(-17*a1 - 45*a2 + 30*ab - 160*as + 90*at + 20*atau)*lam^2)/40 + 
     24*lam^3 - (4907*a1^3*NG)/10800 - (253*a1^2*a2*NG)/400 - 
     (37*a1*a2^2*NG)/80 - (2749*a2^3*NG)/144 + (a1^2*ab*NG)/4 + 
     (9*a2^2*ab*NG)/4 - (1241*a1^2*as*NG)/675 - 3*a2^2*as*NG - 
     (349*a1*as^2*NG)/135 - 7*a2*as^2*NG + (26*ab*as^2*NG)/3 - 
     (1600*as^3*NG)/9 + (167*a1^2*at*NG)/60 + (23*a2^2*at*NG)/4 + 
